97
98
170
96
22
128
98
18
169
153
95
154
118
147
148
1
12
181
114
115
116
142
83
171
100
99
101
94
122
123
32
1
181
113
76
151
149
147
176
153
155
177
122
94
124
172
110
173
95
96
154
99
113
163
119
142
171
102
101
103
96
128
143
142
119
174
82
141
187
114
116
127
22
114
128
113
150
164
126
172
173
101
99
131
94
123
132
117
156
169
80
25
125
117
155
156
103
101
139
74
99
100
114
23
115
56
8
149
9
61
155
107
105
119
96
143
157
97
149
176
155
117
177
121
84
123
17
18
98
75
76
113
21
22
96
141
78
174
152
153
154
147
146
148
80
125
136
11
100
182
147
118
176
95
153
177
80
134
185
95
21
96
97
17
98
99
75
113
134
80
136
115
24
185
20
21
95
16
17
97
74
75
99
76
77
118
18
19
117
22
23
114
24
25
80
15
11
79
100
101
102
23
24
115
11
74
100
18
117
169
168
81
178
81
14
126
124
168
178
15
79
126
156
86
159
106
107
134
78
142
174
105
103
135
123
84
138
76
118
151
26
84
125
25
26
125
135
141
174
87
149
170
110
112
173
128
127
189
109
106
134
116
115
120
149
97
170
104
103
105
150
113
151
161
87
170
119
105
174
79
11
182
14
15
126
116
120
133
141
135
187
24
80
185
150
88
164
143
91
157
13
14
81
26
27
84
30
31
94
84
121
186
106
105
107
30
94
132
3
20
130
2
16
129
19
3
130
77
2
129
84
27
138
29
30
132
107
119
133
126
79
172
120
107
133
109
134
136
122
121
123
131
99
163
87
56
149
61
86
155
125
84
186
102
103
104
112
121
122
20
95
130
16
97
129
118
77
129
117
19
130
27
28
138
13
81
168
134
120
185
132
123
138
107
120
134
136
125
186
12
168
181
105
135
174
81
126
173
112
111
121
31
32
188
4
29
183
28
4
183
154
96
157
133
119
171
110
111
112
163
113
164
118
148
151
122
124
178
110
109
111
156
159
160
116
133
137
112
122
178
101
131
180
162
7
180
111
109
136
98
160
161
108
109
110
171
83
175
12
13
168
72
71
141
73
72
82
71
70
78
69
68
83
70
69
142
104
105
106
127
116
184
129
97
176
117
130
177
130
95
177
118
129
176
108
106
109
32
181
188
114
127
128
172
79
179
124
94
188
175
10
184
7
73
140
68
10
175
173
112
178
104
106
108
111
136
186
10
145
184
116
137
184
66
65
144
65
64
91
62
9
152
8
55
146
67
66
92
60
59
159
54
53
158
53
52
88
59
58
85
61
60
86
55
54
89
51
50
90
57
56
87
63
62
93
64
63
167
58
57
166
52
51
165
10
67
145
50
7
162
131
162
180
179
79
182
139
101
180
108
110
172
94
31
188
29
132
183
82
72
141
71
78
141
78
70
142
69
83
142
135
103
187
108
172
179
132
138
183
100
102
182
91
143
144
143
92
144
138
28
183
137
171
175
121
111
186
160
98
169
155
86
156
8
147
149
153
9
155
73
82
140
83
68
175
140
82
187
103
139
187
137
133
171
88
150
158
150
89
158
87
161
166
161
85
166
93
157
167
157
91
167
90
164
165
164
88
165
102
104
179
102
179
182
156
160
169
92
143
189
104
108
179
168
124
181
148
89
150
160
85
161
93
154
157
90
163
164
120
115
185
7
140
180
81
173
178
145
127
184
148
150
151
162
131
163
98
161
170
8
146
147
152
9
153
65
91
144
92
66
144
91
64
167
93
62
152
59
85
159
53
88
158
86
60
159
89
54
158
85
58
166
88
52
165
55
89
146
51
90
165
57
87
166
63
93
167
127
145
189
67
92
145
90
50
162
137
175
184
159
85
160
93
152
154
146
89
148
90
162
163
139
140
187
181
124
188
145
92
189
143
128
189
140
139
180
213
224
214
198
221
218
222
225
217
223
226
199
221
238
218
213
239
224
222
237
225
226
236
199
27
214
28
190
208
206
213
214
197
197
214
27
190
220
208
206
215
190
208
220
218
211
213
197
24
191
25
201
211
200
191
201
200
205
211
201
190
215
23
23
215
24
191
200
25
42
210
41
218
220
198
202
215
206
191
202
201
202
206
204
41
210
194
24
215
191
26
200
197
206
207
204
35
217
196
202
204
203
25
200
26
199
216
44
200
211
197
206
208
207
202
203
201
205
212
211
36
217
35
35
196
34
26
197
27
43
216
195
43
195
42
195
210
42
45
199
44
44
216
43
191
215
202
212
213
211
39
193
38
22
190
23
208
209
207
40
219
39
39
219
193
22
220
190
21
220
22
208
218
209
41
194
40
20
198
21
194
219
40
198
220
21
203
205
201
48
192
47
34
221
33
38
222
37
47
223
46
49
224
48
196
221
34
193
222
38
192
223
47
48
224
192
217
225
196
28
232
4
4
232
49
5
233
36
6
234
45
37
233
5
46
234
6
33
235
3
3
235
20
199
236
216
209
227
207
194
229
228
194
228
219
210
229
194
219
227
193
207
228
204
228
229
204
204
229
203
210
230
229
195
230
210
229
230
203
219
228
227
227
228
207
216
231
195
203
230
205
195
231
230
205
231
212
230
231
205
192
226
223
212
239
213
218
238
209
193
237
222
196
238
221
224
239
192
226
239
212
209
238
225
221
235
33
49
232
224
222
233
37
223
234
46
214
232
28
36
233
217
45
234
199
20
235
198
198
235
221
217
233
222
199
234
223
224
232
214
225
237
209
212
236
226
231
236
212
209
237
227
225
238
196
192
239
226
216
236
231
227
237
193
