-1
0
0
1
0
0
1
1
0
-1
1
0
1
2
0
-1
2
0
0.333333
0.333333
0
0.666667
0.333333
0
0.666667
0.666667
0
0.333333
0.666667
0
0
0
0
-0.8
0
0
-0.6
0
0
-0.4
0
0
-0.2
0
0
1
0.2
0
1
0.4
0
1
0.6
0
1
0.8
0
0.8
1
0
0.6
1
0
0.4
1
0
0.2
1
0
2.75224e-12
1
0
-0.2
1
0
-0.4
1
0
-0.6
1
0
-0.8
1
0
-1
0.8
0
-1
0.6
0
-1
0.4
0
-1
0.2
0
1
1.2
0
1
1.4
0
1
1.6
0
1
1.8
0
0.8
2
0
0.6
2
0
0.4
2
0
0.2
2
0
2.75224e-12
2
0
-0.2
2
0
-0.4
2
0
-0.6
2
0
-0.8
2
0
-1
1.8
0
-1
1.6
0
-1
1.4
0
-1
1.2
0
0.380952
0.333333
0
0.428571
0.333333
0
0.47619
0.333333
0
0.52381
0.333333
0
0.571429
0.333333
0
0.619048
0.333333
0
0.666667
0.380952
0
0.666667
0.428571
0
0.666667
0.47619
0
0.666667
0.52381
0
0.666667
0.571429
0
0.666667
0.619048
0
0.619048
0.666667
0
0.571429
0.666667
0
0.52381
0.666667
0
0.47619
0.666667
0
0.428571
0.666667
0
0.380952
0.666667
0
0.333333
0.619048
0
0.333333
0.571429
0
0.333333
0.52381
0
0.333333
0.47619
0
0.333333
0.428571
0
0.333333
0.380952
0
0.2
0
0
0.4
0
0
0.6
0
0
0.8
0
0
0.295834
0.500351
0
-0.108163
0.159207
0
-0.110844
0.829471
0
-0.487332
0.153754
0
0.297874
0.401828
0
0.296308
0.59817
0
-0.491748
0.804764
0
0.712654
0.496032
0
0.710368
0.599781
0
0.719205
0.405727
0
0.5
0.288038
0
0.59127
0.287346
0
0.40873
0.287328
0
0.5
0.712474
0
0.40873
0.712689
0
0.59127
0.712654
0
-0.821199
0.500382
0
0.7
0.852284
0
0.531577
0.851696
0
0.861551
0.306135
0
0.864895
0.458517
0
0.3
0.147716
0
0.138157
0.145019
0
0.221646
0.259695
0
0.097029
0.275541
0
0.173301
0.365621
0
0.0603549
0.385956
0
0.141034
0.476676
0
0.015529
0.506599
0
0.0976812
0.590594
0
-0.0743718
0.408045
0
-0.124317
0.540879
0
-0.238026
0.42549
0
-0.280183
0.574421
0
-0.414812
0.450351
0
0.454406
0.144538
0
0.277516
0.860777
0
0.134536
0.856508
0
0.21992
0.746842
0
0.852284
0.7
0
0.701608
0.148335
0
0.195755
0.556625
0
0.101443
0.720037
0
-0.458975
0.60969
0
-0.600239
0.476534
0
-0.650799
0.654912
0
-0.727984
0.336688
0
-0.285787
0.835765
0
-0.290922
0.15449
0
0.321991
0.767137
0
0.397949
0.826588
0
0.857286
0.145942
0
0.855036
0.855036
0
0.309932
0.247938
0
-0.832634
0.7
0
0.180585
0.650225
0
-0.0244653
0.669285
0
0.213504
0.439696
0
-0.187249
0.68902
0
0.246287
0.670627
0
-0.7
0.838101
0
0.243095
0.335661
0
0.289345
0.357937
0
0.277244
0.448355
0
0.273313
0.551719
0
0.45621
0.763263
0
0.453941
0.704352
0
0.353398
0.713673
0
0.638716
0.295311
0
0.691729
0.269893
0
0.619048
0.234528
0
0.729821
0.343183
0
0.544276
0.237636
0
0.583868
0.153007
0
0.638716
0.704689
0
0.691538
0.73018
0
0.616786
0.768802
0
0.732745
0.664161
0
0.777139
0.601533
0
0.540577
0.752799
0
0.546157
0.295937
0
0.716494
0.552732
0
0.781407
0.518214
0
0.764665
0.45188
0
0.350637
0.290353
0
0.379348
0.226093
0
0.45534
0.243877
0
0.453766
0.297182
0
0.705972
0.45168
0
0.545417
0.702252
0
-0.666779
0.171661
0
0.855145
0.575653
0
0.804266
0.382821
0
0.247453
0.611704
0
-0.186136
0.290075
0
-0.360124
0.299609
0
0.229942
0.499502
0
0.291857
0.645416
0
0.774354
0.232161
0
0.773293
0.769385
0
-0.543349
0.321224
0
-0.0323435
0.284237
0
0.29064
0.304938
0
-0.842645
0.177964
0
0.0172267
0.186597
0
-0.854503
0.854503
0
0.294446
0.703958
0
0.0172251
0.813422
0
-0.343279
0.698021
0
0.246047
0.391109
0
-0.873435
0.333414
0
0.38574
0.758364
0
0.3
1.17321
0
-0.1
1.17321
-0
-0.837245
1.50967
-0
0.489686
1.83645
0
0.1
1.82679
0
-0.3
1.82679
-0
0.836293
1.51133
0
-0.5
1.17321
-0
0.699153
1.16935
0
-0.686115
1.8081
-0
-0.3
1.17321
-0
-0.2
1.34641
-0
2.56615e-12
1.34641
0
-0.1
1.51962
-0
0.1
1.51962
0
-0.3
1.51962
-0
0.2
1.34641
0
0.3
1.51962
0
0.4
1.34641
0
0.515205
1.51858
0
-0.1
1.82679
-0
-0.4
1.34641
-0
-0.515215
1.51855
-0
-0.606237
1.32988
-0
-0.699665
1.16974
-0
0.1
1.17321
0
-0.489011
1.83239
-0
0.830618
1.69989
0
0.606085
1.32926
0
0.3
1.82679
0
0.500873
1.16971
0
0.812117
1.31637
0
0.684376
1.81088
0
-0.840959
1.69521
-0
-0.812355
1.31626
-0
0.684019
1.61419
0
-0.686206
1.61265
-0
0.392136
1.67682
0
0.2
1.67321
0
2.87186e-12
1.67321
0
-0.2
1.67321
-0
-0.39203
1.67613
-0
-0.85359
1.14641
-0
0.85359
1.85359
0
-0.85359
1.85359
-0
0.85359
1.14641
0
-0.549453
1.68709
-0
0.553084
1.69138
0
0.690744
1.45795
0
-0.68975
1.45812
-0
